order	Country_Other	Total_Cases	Total_Deaths	Total_Recovered	Active_Cases	Tot_Cases/1M_pop	Deaths/1M_pop	Total_Tests	Tests/1M_pop	Population
1	USA	98,572,011	1,087,976	95,773,910	1,710,125	294,139	3,247	1,122,147,003	3,348,488	335,120,523
2	India	44,616,394	528,822	44,060,198	27,374	31,625	375	896,987,772	635,804	1,410,792,039
3	France	35,875,626	155,535	34,817,884	902,207	546,875	2,371	271,490,188	4,138,498	65,601,133
4	Brazil	34,766,204	686,928	33,926,118	153,158	160,964	3,18	63,776,166	295,277	215,987,681
5	Germany	34,121,168	150,72	32,701,100	1,269,348	404,319	1,786	122,332,384	1,449,579	84,391,659
6	S._Korea	24,995,246	28,708	24,536,323	430,215	486,58	559	15,804,065	307,656	51,369,259
7	UK	23,735,273	190,888	23,394,134	150,251	345,517	2,779	522,526,476	7,606,465	68,695,046
8	Italy	22,830,825	177,57	22,149,828	503,427	378,871	2,947	248,648,092	4,126,240	60,260,214
9	Japan	21,564,995	45,538	20,433,996	1,085,461	171,698	363	76,201,407	606,706	125,598,560
10	Russia	21,232,963	388,404	20,470,552	374,007	145,355	2,659	273,400,000	1,871,624	146,076,385
11	Turkey	16,896,522	101,179	16,788,849	6,494	195,565	1,171	162,743,369	1,883,636	86,398,503
12	Spain	13,441,941	114,468	13,242,579	84,894	287,246	2,446	471,036,328	10,065,771	46,795,851
13	Vietnam	11,487,459	43,153	10,596,509	847,797	115,654	434	85,826,548	864,09	99,325,903
14	Australia	10,278,831	15,383	10,216,900	46,548	392,752	588	78,835,048	3,012,270	26,171,307
15	Argentina	9,713,594	129,958	9,573,980	9,656	210,539	2,817	35,716,069	774,133	46,136,846
16	Netherlands	8,441,351	22,663	8,375,492	43,196	490,181	1,316	21,107,399	1,225,687	17,220,870
17	Iran	7,552,404	144,49	7,327,929	79,985	87,379	1,672	54,095,556	625,869	86,432,747
18	Mexico	7,097,264	330,208	6,368,863	398,193	53,764	2,501	18,442,240	139,707	132,006,734
19	Taiwan	6,945,018	11,62	6,078,740	854,658	290,41	486	26,733,787	1,117,888	23,914,552
20	Indonesia	6,446,143	158,219	6,272,053	15,871	23,015	565	109,339,337	390,376	280,087,083
21	Poland	6,318,840	117,801	5,335,940	865,099	167,375	3,12	37,478,185	992,731	37,752,610
22	Colombia	6,308,087	141,807	6,135,815	30,465	121,045	2,721	36,615,681	702,613	52,113,610
23	Portugal	5,501,103	25,075	5,418,046	57,982	543,088	2,475	45,059,939	4,448,477	10,129,295
24	Austria	5,260,762	20,825	5,098,210	141,727	576,649	2,283	198,596,763	21,768,833	9,122,986
25	Ukraine	5,177,217	109,206	5,023,874	44,137	120,015	2,532	19,521,252	452,529	43,138,153
26	Greece	4,975,067	33,2	4,910,509	31,358	482,659	3,221	94,835,870	9,200,550	10,307,631
27	Malaysia	4,856,217	36,403	4,797,647	22,167	145,801	1,093	64,820,569	1,946,149	33,307,100
28	DPRK	4,772,813	74	4,772,739	0	183,322	3	NA	NA	26,035,109
29	Thailand	4,685,047	32,829	4,647,275	4,943	66,741	468	17,270,775	246,032	70,197,269
30	Israel	4,668,651	11,71	4,650,774	6,167	500,606	1,256	41,373,364	4,436,346	9,326,000
31	Chile	4,655,058	61,339	4,578,602	15,117	238,861	3,147	45,470,580	2,333,196	19,488,539
32	Belgium	4,575,519	32,746	4,469,661	73,112	390,935	2,798	35,738,286	3,053,498	11,704,048
33	Canada	4,270,891	45,394	4,160,209	65,288	110,952	1,179	65,257,508	1,695,307	38,493,036
34	Peru	4,148,691	216,788	3,926,330	5,573	121,969	6,373	35,354,211	1,039,394	34,014,243
35	Czechia	4,131,060	41,281	4,068,834	20,945	384,14	3,839	56,333,733	5,238,376	10,754,045
36	Switzerland	4,109,154	14,192	4,035,920	59,042	467,043	1,613	22,389,180	2,544,737	8,798,228
37	South_Africa	4,021,386	102,194	3,912,506	6,686	65,918	1,675	26,174,429	429,049	61,005,687
38	Philippines	3,969,987	63,297	3,880,676	26,014	35,167	561	32,982,676	292,164	112,891,089
39	Romania	3,276,020	67,084	3,194,969	13,967	172,906	3,541	25,223,283	1,331,269	18,946,792
40	Denmark	3,120,926	7,141	3,100,413	13,372	534,545	1,223	128,482,697	22,006,216	5,838,473
41	Sweden	2,601,153	20,243	2,555,407	25,503	253,966	1,976	18,989,183	1,854,025	10,242,141
42	Iraq	2,460,868	25,356	2,435,048	464	58,216	600	19,350,944	457,78	42,271,317
43	Serbia	2,379,620	17,093	2,326,377	36,15	274,86	1,974	11,152,610	1,288,191	8,657,577
44	Hungary	2,107,907	47,576	2,025,292	35,039	219,466	4,953	11,394,556	1,186,348	9,604,730
45	Bangladesh	2,030,090	29,384	1,970,639	30,067	12,054	174	14,918,509	88,583	168,412,608
46	Singapore	1,957,916	1,632	1,869,501	86,783	328,8	274	24,548,641	4,122,537	5,954,741
47	Slovakia	1,847,728	20,485	1,821,541	5,702	338,063	3,748	7,312,057	1,337,823	5,465,640
48	Hong_Kong	1,806,688	10,228	1,572,171	224,289	236,633	1,34	54,352,132	7,118,822	7,634,990
49	New_Zealand	1,800,602	3,013	1,787,362	10,227	359,969	602	7,544,063	1,508,179	5,002,100
50	Georgia	1,780,691	16,9	1,637,293	126,498	448,333	4,255	16,920,079	4,260,050	3,971,803
51	Jordan	1,746,997	14,122	1,731,007	1,868	167,449	1,354	17,201,885	1,648,798	10,432,983
52	Ireland	1,666,048	7,922	1,651,603	6,523	329,066	1,565	12,733,157	2,514,966	5,062,954
53	Pakistan	1,573,115	30,62	1,538,689	3,806	6,821	133	30,570,862	132,555	230,627,796
54	Norway	1,463,093	4,121	1,457,792	1,18	265,177	747	11,002,430	1,994,124	5,517,426
55	Kazakhstan	1,394,028	13,692	1,379,366	970	72,28	710	11,575,012	600,165	19,286,398
56	Finland	1,312,634	6,149	1,279,871	26,614	236,075	1,106	11,545,824	2,076,496	5,560,243
57	Bulgaria	1,266,241	37,758	1,217,008	11,475	185,397	5,528	10,609,575	1,553,404	6,829,888
58	Morocco	1,265,103	16,278	1,248,693	132	33,377	429	12,609,843	332,684	37,903,394
59	Lithuania	1,258,521	9,347	1,230,891	18,283	477,392	3,546	10,194,999	3,867,247	2,636,242
60	Croatia	1,238,160	16,98	1,216,994	4,186	305,879	4,195	5,256,220	1,298,512	4,047,878
61	Lebanon	1,216,638	10,684	1,087,587	118,367	180,079	1,581	4,795,578	709,809	6,756,148
62	Slovenia	1,203,345	6,842	1,165,014	31,489	578,646	3,29	2,751,298	1,323,003	2,079,586
63	Tunisia	1,145,829	29,254	N/A	N/A	94,702	2,418	4,952,266	409,304	12,099,249
64	Guatemala	1,129,542	19,836	1,109,548	158	60,508	1,063	5,962,823	319,418	18,667,778
65	Cuba	1,111,238	8,53	1,102,630	78	98,245	754	14,164,629	1,252,295	11,310,937
66	Bolivia	1,108,702	22,237	1,057,096	29,369	92,128	1,848	2,705,422	224,808	12,034,389
67	Costa_Rica	1,072,807	8,913	860,711	203,183	206,322	1,714	4,659,757	896,164	5,199,671
68	UAE	1,031,179	2,346	1,010,245	18,588	101,478	231	192,250,879	18,919,374	10,161,588
69	Ecuador	1,006,070	35,9	967,728	2,442	55,124	1,967	3,082,403	168,889	18,251,092
70	Nepal	999,911	12,018	987,324	569	32,972	396	5,943,648	195,99	30,326,268
71	Belarus	994,037	7,118	985,592	1,327	105,275	754	13,646,641	1,445,271	9,442,274
72	Panama	988,28	8,505	978,903	872	221,145	1,903	7,104,713	1,589,804	4,468,924
73	Uruguay	986,446	7,495	977,955	996	281,758	2,141	6,114,822	1,746,574	3,501,039
74	Mongolia	983,61	2,179	980,547	884	289,458	641	4,030,048	1,185,967	3,398,110
75	Latvia	939,146	6,013	918,67	14,463	510,698	3,27	7,690,522	4,182,029	1,838,945
76	Azerbaijan	822,186	9,927	811,727	532	79,465	959	7,273,091	702,948	10,346,550
77	Saudi_Arabia	817,838	9,369	804,679	3,79	22,69	260	44,394,966	1,231,675	36,044,394
78	Paraguay	717,039	19,595	697,361	83	97,804	2,673	2,657,506	362,484	7,331,367
79	Bahrain	683,773	1,521	679,798	2,454	372,451	828	10,420,618	5,676,104	1,835,875
80	Sri_Lanka	670,873	16,768	654,006	99	31,035	776	6,486,117	300,048	21,616,928
81	Kuwait	660,667	2,564	657,113	990	149,678	581	8,393,046	1,901,499	4,413,910
82	Dominican_Republic	645,952	4,384	641,157	411	58,221	395	3,657,057	329,62	11,094,762
83	Myanmar	625,497	19,464	597,898	8,135	11,324	352	9,056,450	163,955	55,237,382
84	Palestine	620,757	5,404	614,914	439	115,584	1,006	3,078,533	573,219	5,370,607
85	Estonia	603,185	2,692	524,99	75,503	454,015	2,026	3,545,129	2,668,404	1,328,558
86	Cyprus	590,783	1,187	581,194	8,402	481,368	967	9,640,118	7,854,730	1,227,301
87	Moldova	590,752	11,858	504,142	74,752	147,22	2,955	3,216,305	801,531	4,012,704
88	Venezuela	544,966	5,818	538,672	476	19,289	206	3,359,014	118,889	28,253,251
89	Egypt	515,645	24,613	442,182	48,85	4,832	231	3,693,367	34,61	106,715,332
90	Libya	507,01	6,437	500,528	45	71,578	909	2,482,490	350,469	7,083,346
91	Ethiopia	493,698	7,572	472,005	14,121	4,066	62	5,277,726	43,464	121,427,905
92	R‚union	472,692	894	418,572	53,226	519,551	983	1,603,660	1,762,634	909,809
93	Qatar	458,391	682	454,47	3,239	163,256	243	3,983,182	1,418,611	2,807,805
94	Honduras	456,664	10,996	N/A	N/A	44,5	1,072	1,533,488	149,432	10,262,139
95	Armenia	444,482	8,7	432,811	2,971	149,365	2,924	3,220,025	1,082,068	2,975,806
96	Bosnia_and_Herzegovina	399,184	16,154	376,654	6,376	123,412	4,994	1,865,703	576,803	3,234,559
97	Oman	398,424	4,26	384,669	9,495	73,762	789	25,000,000	4,628,385	5,401,452
98	North_Macedonia	343,391	9,548	333,504	339	164,84	4,583	2,134,706	1,024,734	2,083,180
99	Kenya	338,506	5,678	332,81	18	5,996	101	3,895,785	69,001	56,459,855
100	Zambia	333,624	4,017	329,541	66	17,063	205	3,739,317	191,242	19,552,792
101	Albania	332,503	3,589	327,228	1,686	115,828	1,25	1,941,032	676,16	2,870,671
102	Botswana	326,344	2,79	322,955	599	132,692	1,134	2,026,898	824,142	2,459,403
103	Luxembourg	294,753	1,13	287,707	5,916	454,1	1,741	4,402,293	6,782,233	649,092
104	Montenegro	281,268	2,782	277,581	905	447,704	4,428	2,633,437	4,191,729	628,246
105	Algeria	270,713	6,881	182,343	81,489	5,93	151	230,861	5,057	45,648,298
106	Nigeria	265,816	3,155	259,043	3,618	1,221	14	5,441,162	24,99	217,737,683
107	Zimbabwe	257,749	5,604	251,737	408	16,787	365	2,523,742	164,371	15,353,968
108	China	254,066	5,226	244,736	4,104	177	4	160,000,000	111,163	1,439,323,776
109	Uzbekistan	244,334	1,637	241,486	1,211	7,068	47	1,377,915	39,859	34,570,064
110	Mozambique	230,312	2,222	227,964	126	6,928	67	1,371,127	41,245	33,243,394
111	Brunei	229,665	225	222,14	7,3	513,81	503	717,784	1,605,838	446,984
112	Martinique	221,618	1,044	N/A	N/A	591,604	2,787	828,928	2,212,805	374,605
113	Laos	216,008	758	N/A	N/A	28,743	101	1,233,207	164,096	7,515,167
114	Kyrgyzstan	206,25	2,991	196,406	6,853	30,472	442	1,907,195	281,775	6,768,498
115	Iceland	205,823	213	N/A	N/A	594,404	615	1,996,384	5,765,430	346,268
116	El_Salvador	201,785	4,23	179,41	18,145	30,758	645	2,610,114	397,856	6,560,454
117	Afghanistan	200,626	7,807	179,01	13,809	4,903	191	1,115,375	27,259	40,918,418
118	Guadeloupe	192,801	989	N/A	N/A	481,667	2,471	938,039	2,343,463	400,279
119	Maldives	185,125	308	163,687	21,13	329,315	548	2,213,831	3,938,136	562,152
120	Trinidad_and_Tobago	183,824	4,224	176,317	3,283	130,393	2,996	842,716	597,769	1,409,768
121	Ghana	169,685	1,459	167,712	514	5,214	45	2,507,677	77,052	32,545,204
122	Uganda	169,396	3,628	100,431	65,337	3,456	74	3,012,408	61,452	49,020,742
123	Namibia	169,253	4,065	164,813	375	63,981	1,537	1,062,663	401,71	2,645,348
124	Jamaica	151,931	3,32	99,392	49,219	50,805	1,11	1,183,986	395,917	2,990,488
125	Cambodia	137,937	3,056	134,811	70	7,999	177	3,071,982	178,147	17,244,086
126	Rwanda	132,518	1,467	131,027	24	9,686	107	5,835,778	426,559	13,681,060
127	Cameroon	121,652	1,935	118,616	1,101	4,338	69	1,751,774	62,461	28,045,883
128	Malta	114,887	806	113,391	690	258,632	1,814	2,066,528	4,652,142	444,21
129	Angola	103,131	1,917	101,155	59	2,931	54	1,499,795	42,623	35,187,440
130	Barbados	102,58	560	101,812	208	355,967	1,943	765,701	2,657,088	288,173
131	French_Guiana	94,073	410	11,254	82,409	297,457	1,296	651,257	2,059,265	316,257
132	DRC	92,934	1,443	83,521	7,97	971	15	846,704	8,843	95,743,213
133	Channel_Islands	92,191	204	91,19	797	519,389	1,149	1,252,808	7,058,113	177,499
134	Senegal	88,506	1,968	86,417	121	4,987	111	1,146,543	64,61	17,745,595
135	Malawi	88,047	2,682	84,966	399	4,348	132	618,123	30,521	20,252,116
136	Ivory_Coast	87,438	826	86,566	46	3,138	30	1,633,945	58,646	27,861,070
137	Suriname	81,114	1,385	N/A	N/A	135,515	2,314	239,203	399,631	598,559
138	French_Polynesia	76,703	649	N/A	N/A	269,519	2,28	NA	NA	284,592
139	New_Caledonia	74,179	314	73,847	18	254,276	1,076	98,964	339,236	291,726
140	Eswatini	73,436	1,422	71,973	41	61,845	1,198	1,045,903	880,818	1,187,423
141	Guyana	71,383	1,281	70,039	63	89,772	1,611	697,587	877,288	795,163
142	Belize	68,884	686	68,141	57	166,382	1,657	576,016	1,391,303	414,012
143	Fiji	68,244	878	66,305	1,061	74,896	964	663,021	727,648	911,184
144	Madagascar	66,687	1,41	65,267	10	2,275	48	512,993	17,504	29,307,045
145	Sudan	63,344	4,962	57,437	945	1,372	107	562,941	12,192	46,173,280
146	Mauritania	62,92	995	61,819	106	12,77	202	978,696	198,635	4,927,105
147	Cabo_Verde	62,389	410	61,916	63	109,514	720	401,622	704,982	569,691
148	Bhutan	62,095	21	61,564	510	78,513	27	2,303,734	2,912,841	790,889
149	Syria	57,325	3,163	54,141	21	3,104	171	146,269	7,921	18,465,716
150	Burundi	50,225	38	49,863	324	3,956	3	345,742	27,235	12,694,797
151	Gabon	48,713	306	48,307	100	20,774	130	1,616,857	689,506	2,344,950
152	Seychelles	47,141	169	46,446	526	472,696	1,695	NA	NA	99,728
153	Andorra	46,275	155	46,053	67	596,75	1,999	249,838	3,221,845	77,545
154	Papua_New_Guinea	45,133	668	43,982	483	4,837	72	249,149	26,699	9,331,707
155	Cura‡ao	45,127	282	44,72	125	272,481	1,703	496,693	2,999,082	165,615
156	Aruba	42,914	227	42,438	249	398,111	2,106	177,885	1,650,231	107,794
157	Mauritius	40,519	1,027	38,857	635	31,741	805	358,675	280,971	1,276,555
158	Mayotte	40,277	187	N/A	N/A	139,969	650	176,919	614,821	287,757
159	Tanzania	39,513	845	N/A	N/A	621	13	NA	NA	63,596,883
160	Togo	39,199	286	38,762	151	4,496	33	794,558	91,128	8,719,167
161	Isle_of_Man	38,008	116	N/A	N/A	441,676	1,348	150,753	1,751,842	86,054
162	Guinea	37,95	455	37,034	461	2,722	33	660,107	47,348	13,941,477
163	Bahamas	37,318	833	36,173	312	92,884	2,073	248,846	619,373	401,771
164	Faeroe_Islands	34,658	28	N/A	N/A	703,23	568	778	15,786,056	49,284
165	Lesotho	34,49	706	25,98	7,804	15,815	324	431,221	197,737	2,180,782
166	Haiti	33,756	857	31,41	1,489	2,881	73	132,422	11,301	11,717,979
167	Mali	32,697	742	31,812	143	1,516	34	763,159	35,372	21,575,039
168	Cayman_Islands	30,809	34	8,553	22,222	456,612	504	222,773	3,301,661	67,473
169	Saint_Lucia	29,55	404	29,095	51	159,273	2,178	210,983	1,137,185	185,531
170	Benin	27,782	163	27,464	155	2,163	13	604,31	47,05	12,844,050
171	Somalia	27,223	1,361	13,182	12,68	1,611	81	400,466	23,696	16,899,849
172	Congo	24,837	386	24,006	445	4,263	66	347,815	59,696	5,826,407
173	Timor-Leste	23,253	138	23,102	13	16,906	100	278,529	202,501	1,375,442
174	Burkina_Faso	21,631	387	21,143	101	974	17	248,995	11,214	22,204,508
175	Solomon_Islands	21,544	153	16,357	5,034	29,711	211	5,117	7,057	725,121
176	San_Marino	21,053	118	20,692	243	617,517	3,461	157,634	4,623,647	34,093
177	Liechtenstein	20,143	86	19,678	379	524,885	2,241	102,174	2,662,445	38,376
178	Gibraltar	20,095	108	16,579	3,408	596,858	3,208	534,283	15,869,164	33,668
179	Grenada	19,536	237	19,248	51	171,812	2,084	179,808	1,581,341	113,706
180	Nicaragua	18,491	225	4,225	14,041	2,718	33	NA	NA	6,803,416
181	Bermuda	18,22	148	17,997	75	295,032	2,397	1,008,999	16,338,477	61,756
182	South_Sudan	17,823	138	17,335	350	1,551	12	410,28	35,703	11,491,546
183	Tajikistan	17,786	125	17,264	397	1,774	12	NA	NA	10,023,915
184	Equatorial_Guinea	17,04	183	16,707	150	11,302	121	365,697	242,563	1,507,640
185	Tonga	16,182	12	15,638	532	149,263	111	535,009	4,934,916	108,413
186	Samoa	15,941	29	1,605	14,307	79,149	144	187,397	930,449	201,405
187	Dominica	15,76	74	15,673	13	217,704	1,022	229,344	3,168,085	72,392
188	Djibouti	15,69	189	15,427	74	15,373	185	305,941	299,763	1,020,608
189	Marshall_Islands	15,275	17	15,166	92	254,177	283	NA	NA	60,096
190	CAR	14,957	113	14,536	308	2,979	23	81,294	16,193	5,020,361
191	Monaco	14,717	63	14,591	63	369,097	1,58	78,646	1,972,412	39,873
192	Gambia	12,508	372	12,028	108	4,865	145	155,686	60,559	2,570,801
193	Saint_Martin	11,978	63	1,399	10,516	298,235	1,569	112,382	2,798,148	40,163
194	Greenland	11,971	21	2,761	9,189	210,043	368	164,926	2,893,794	56,993
195	Yemen	11,939	2,158	9,124	657	381	69	329,592	10,524	31,317,057
196	Vanuatu	11,935	14	11,918	3	36,901	43	24,976	77,221	323,437
197	Caribbean_Netherlands	11,256	36	10,476	744	420,376	1,344	30,126	1,125,112	26,776
198	Sint_Maarten	10,865	87	10,776	2	247,038	1,978	62,056	1,410,973	43,981
199	Eritrea	10,18	103	10,069	8	2,783	28	23,693	6,477	3,657,815
200	Micronesia	10,083	31	174	9,878	85,624	263	21,923	186,168	117,759
201	Niger	9,931	312	8,89	729	379	12	254,538	9,717	26,196,372
202	Antigua_and_Barbuda	9,098	146	8,923	29	91,191	1,463	18,901	189,448	99,769
203	Guinea-Bissau	8,831	176	8,31	345	4,259	85	145,231	70,039	2,073,586
204	Comoros	8,473	161	8,312	0	9,294	177	NA	NA	911,648
205	Liberia	7,974	294	7,659	21	1,497	55	139,824	26,246	5,327,523
206	Sierra_Leone	7,751	126	N/A	N/A	929	15	259,958	31,151	8,345,192
207	Chad	7,59	193	4,874	2,523	434	11	191,341	10,936	17,495,921
208	British_Virgin_Islands	7,305	64	N/A	N/A	238,041	2,086	107,339	3,497,752	30,688
209	St._Vincent_Grenadines	7,112	115	6,641	356	63,648	1,029	100,856	902,603	111,739
210	Saint_Kitts_and_Nevis	6,541	46	6,482	13	121,011	851	124,861	2,309,974	54,053
211	Cook_Islands	6,389	1	6,384	4	363,011	57	19,69	1,118,750	17,6
212	Turks_and_Caicos	6,38	36	6,321	23	159,876	902	550,093	13,784,719	39,906
213	Sao_Tome_and_Principe	6,252	77	6,159	16	27,374	337	29,036	127,13	228,396
214	Palau	5,481	6	5,462	13	299,672	328	64,681	3,536,413	18,29
215	St._Barth	5,285	6	N/A	N/A	531,423	603	78,646	7,908,095	9,945
216	Nauru	4,611	1	4,605	5	420,022	91	20,509	1,868,191	10,978
217	Anguilla	3,866	12	3,849	5	252,564	784	51,382	3,356,765	15,307
218	Kiribati	3,43	13	2,703	714	27,749	105	NA	NA	123,608
219	Saint_Pierre_Miquelon	3,212	1	2,449	762	560,558	175	25,12	4,383,944	5,73
220	Falkland_Islands	1,93	NA	1,886	44	520,216	NA	8,632	2,326,685	3,71
221	Saint_Helena	1,656	NA	2	1,654	270,677	NA	NA	NA	6,118
222	Montserrat	1,403	8	1,376	19	280,656	1,6	17,762	3,553,111	4,999
223	Macao	793	6	787	0	1,185	9	7,85	11,726	669,424
224	Wallis_and_Futuna	761	7	438	316	70,509	649	20,508	1,900,120	10,793
225	Diamond_Princess	712	13	699	0	NA	NA	NA	NA	NA
226	Niue	81	NA	80	1	49,061	NA	NA	NA	1,651
227	Vatican_City	29	NA	29	0	35,98	NA	NA	NA	806
228	Tuvalu	20	NA	NA	20	1,65	NA	NA	NA	12,122
229	Western_Sahara	10	1	9	0	16	2	NA	NA	630,677
230	MS_Zaandam	9	2	7	0	NA	NA	NA	NA	NA
Total:	World	627,104,817	6,562,340	606,882,398	13,660,079	80,451.7	841.9	NA	NA	NA
